5 0.42549070247933884 0.787037037037037 0.09684917355371901 0.20138888888888887
5 0.5453254132231404 0.7608024691358024 0.15263429752066116 0.14891975308641975
5 0.5790289256198348 0.8900462962962963 0.1012396694214876 0.2191358024691358
5 0.6623192148760331 0.7166280864197531 0.12835743801652894 0.13387345679012344
5 0.7715650826446281 0.39043209876543206 0.15211776859504134 0.19290123456790123
5 0.6899535123966942 0.2391975308641975 0.12060950413223141 0.14351851851851852
5 0.531637396694215 0.28105709876543206 0.07257231404958678 0.15856481481481483
5 0.365573347107438 0.5275848765432098 0.08910123966942149 0.18248456790123457
5 0.27918388429752067 0.45042438271604934 0.0625 0.08140432098765432
5 0.1984762396694215 0.3765432098765432 0.10046487603305786 0.15432098765432098
5 0.10730888429752067 0.3811728395061728 0.09323347107438017 0.13194444444444445
5 0.18982438016528927 0.458912037037037 0.121900826446281 0.1091820987654321
5 0.10369318181818182 0.5453317901234568 0.09323347107438017 0.14467592592592593
5 0.20209194214876033 0.8142361111111112 0.1965392561983471 0.2349537037037037
5 0.07476756198347108 0.7472993827160492 0.11699380165289257 0.3001543209876543
5 0.46681301652892565 0.6267361111111112 0.17639462809917356 0.14467592592592593
5 0.8308367768595042 0.26967592592592593 0.10537190082644628 0.16820987654320987
5 0.1615444214876033 0.15837191358024688 0.08393595041322313 0.21334876543209874
5 0.306430785123967 0.08391203703703703 0.05655991735537191 0.13927469135802467
5 0.44963842975206614 0.11921296296296295 0.18078512396694213 0.1844135802469136